#what the code below is doing
100+102
10(3+5)

10 == 10
"t" == "t"

x = 100
x == 100

#making a vector
x <- 3:10
10*x
x*y
y*x